data unvr;
input close;

datalines;
8735
8795
8320
8415
8895
9105
9225
9310
9420
9210
9105
9240
9325
9415
9415
9200
9215
9430
9405
9260
9155
8970
8605
8535
8840
8880
8980
8820
8860
8720
9120
9000
8920
8970
8895
8900
8600
8860
8835
8790
8900
8645
8440
8545
8615
8600
8440
8460
8065
7875
7990
8000
8220
8295
8260
8180
8225
8430
8425
8450
8100
8420
8450
8760
8800
8750
8840
8800
8790
8735
8800
8885
8900
8700
8790
9000
9050
9320
9105
9320
9080
9280
9500
9560
9720
9470
9200
9665
9690
9710
9960
9585
9775
9785
9750
9810
9790
9815
9810
9555
9520
9815
10000
10000
9780
9975
9945
9965
9775
9820
9850
9775
9600
9885
9860
10005
9905
9900
9765
9995
9800
9735
9810
9800
9730
9780
9620
9610
9800
9890
9930
9960
9900
9845
9900
9815
9830
9700
9650
9760
9840
9840
9850
9875
9795
9755
9650
9795
9820
9730
9820
9760
9880
9880
9655
9850
9730
9280
9100
9000
9100
9045
8930
9065
8900
8960
8610
8840
8720
8570
8400
8360
8320
8460
8475
8415
8620
8705
8640
8500
8700
8900
8930
8860
9000
8980
8960
8960
9120
9180
9220
9060
8935
9045
8965
8970
9000
9000
9015
8980
8995
8990
9000
9005
9000
8960
8955
8890
8880
8980
9150
9160
9055
9110
9085
8990
8960
8640
8610
8720
9110
9000
8765
8865
8965
8930
8965
8995
8855
8980
8940
8995
8900
9035
8975
9060
9165
9175
9455
9575
9570
9770
9590
9495
9515
9605
9410
9540
9530
9325
9215
9320
9390
9390
9335
9315
9230
9460
9455
9400
9350
9400
9300
9240
9090
9015
9085
8800
8945
8840
8775
8835
8900
8950
9120
8950
8625
8685
8790
8855
8855
8630
8700
8715
8720
8745
8740
8605
8770
8690
8670
8630
8655
8640
8465
8560
8445
8430
8560
8510
8405
8430
8415
8300
8200
8360
8360
8570
8535
8400
8430
8450
8455
8435
8420
8200
8245
8180
8195
8185
8140
8325
8330
8490
8560
8400
8550
8575
8475
8450
8325
8350
8250
8400
8475
8475
8425
8400
8325
8325
8300
8325
8175
8275
8250
8250
8225
7950
7850
7875
8100
7950
7900
7875
7850
7600
7400
7475
7400
7400
7475
7650
7500
7225
7300
7300
7150
6825

proc arima data=unvr;
identify var=close(1,1) nlag=48 noprint;
run;

estimate
p=(13 26 56 58 61)
q=(1)
noconstant method=cls;
forecast lead=19 out=arimaout printall;
run;

proc univariate data=arimaout normal;
var residual;
run;